[portfolio-details.jpg]
filters=TwoTone=1,1.666672,4.093567,0.000000,ff011200,ff5cff6d;finetune2=1,0.000000,0.000000,0.000000,00000000,-0.625731;finetune2=1,0.000000,0.286316,0.000000,00000000,-0.555556;finetune2=1,0.000000,0.000000,0.134737,00000000,0.000000;sat=1,-0.228070;
moddate=6f3fcecf545dd701
width=1920
height=1200
textactive=0
